20230530
20230529
20230525
20230524
20230523
20230522
20230521
20230518
20230517
20230516
20230515
20230514
20230511
20230510
20230509
20230508
20230507
20230503
20230502
20230501
20230427
20230426
20230425
20230424
20230423
20230420
20230419
20230418
20230417
20230416
20230413
20230412
20230411
20230410
20230409
20230406
20230405
20230404
20230403
20230402
20230330
20230329
20230328
20230327
20230326
20230323
20230322
20230321
20230320
20230319
20230316
20230315
20230314
20230313
20230312
20230309
20230308
20230307
20230306
20230305
20230302
20230301
20230227
20230226
20230223
20230222
20230221
20230220
20230219
20230216
20230215
20230214
20230213
20230212
20230209
20230208
20230207
20230206
20230205
20230202
20230201
20230131
20230130
20230129
20230126
20230125
20230124
20230119
20230118
20230117
20230116
20230115
20230112
20230111
20230110
20230109
20230108
20230105
20230104
20230103
20230102
20230101
20221228
20221227
20221226
20221225
20221222
20221221
20221220
20221219
20221218
20221215
20221214
20221213
20221212
20221211
20221208
20221207
20221206
20221205
20221204
20221201
20221130
20221129
20221128
20221127
20221124
20221123
20221122
20221121
20221120
20221117
20221116
20221115
20221114
20221113
20221110
20221109
20221108
20221107
20221106
20221103
20221102
20221101
20221031
20221030
20221027
20221026
20221025
20221024
20221023
20221020
20221019
20221018
20221017
20221016
20221013
20221012
20221011
20221010
20221006
20221005
20221004
20221003
20220929
20220928
20220927
20220926
20220925
20220922
20220921
20220920
20220919
20220918
20220915
20220914
20220913
20220912
20220907
20220906
20220905
20220904
20220901
20220831
20220830
20220829
20220828
20220825
20220824
20220823
20220822
20220821
20220818
20220817
20220816
20220815
20220811
20220810
20220809
20220808
20220807
20220804
20220803
20220802
20220801
20220731
20220728
20220727
20220726
20220725
20220724
20220721
20220720
20220719
20220718
20220717
20220714
20220713
20220712
20220711
20220710
20220707
20220706
20220705
20220704
20220703
20220630
20220629
20220628
20220627
20220626
20220623
20220622
20220621
20220620
20220619
20220616
20220615
20220614
20220613
20220612
20220609
20220608
20220607
20220606
20220602
20220601
20220530
20220529
20220526
20220525
20220524
20220523
20220522
20220519
20220518
20220517
20220516
20220515
20220512
20220511
20220510
20220509
20220508
20220505
20220503
20220502
20220501
20220428
20220427
20220426
20220425
20220424
20220421
20220420
20220419
20220418
20220417
20220414
20220413
20220412
20220411
20220410
20220407
20220406
20220405
20220404
20220403
20220331
20220330
20220329
20220328
20220327
20220324
20220323
20220322
20220321
20220320
20220317
20220316
20220315
20220314
20220313
20220310
20220309
20220307
20220306
20220303
20220302
20220301
20220227
20220224
20220223
20220222
20220221
20220220
20220217
20220216
20220215
20220214
20220213
20220210
20220209
20220208
20220207
20220206
20220203
20220202
20220127
20220126
20220125
20220124
20220123
20220120
20220119
20220118
20220117
20220116
20220113
20220112
20220111
20220110
20220109
20220106
20220105
20220104
20220103
20220102
20211229
20211228
20211227
20211226
20211223
20211222
20211221
20211220
20211219
20211216
20211215
20211214
20211213
20211212
20211209
20211208
20211207
20211206
20211205
20211202
20211201
20211130
20211129
20211128
20211125
20211124
20211123
20211122
20211121
20211118
20211117
20211116
20211115
20211114
20211111
20211110
20211109
20211108
20211107
20211104
20211103
20211102
20211101
20211031
20211028
20211027
20211026
20211025
20211024
20211021
20211020
20211019
20211018
20211017
20211014
20211013
20211012
20211011
20211007
20211006
20211005
20211004
20210930
20210929
20210928
20210927
20210926
20210923
20210922
20210916
20210915
20210914
20210913
20210912
20210909
20210908
20210907
20210906
20210905
20210902
20210901
20210831
20210830
20210829
20210826
20210825
20210824
20210823
20210822
20210819
20210818
20210817
20210816
20210812
20210811
20210810
20210809
20210808
20210805
20210804
20210803
20210802
20210801
20210729
20210728
20210727
20210726
20210725
20210722
20210721
20210720
20210719
20210718
20210715
20210714
20210713
20210712
20210711
20210708
20210707
20210706
20210705
20210704
20210701
20210630
20210629
20210628
20210627
20210624
20210623
20210622
20210621
20210620
20210617
20210616
20210615
20210614
20210613
20210610
20210609
20210608
20210607
20210606
20210603
20210602
20210601
20210531
20210530
20210527
20210526
20210525
20210524
20210523
20210520
20210519
20210517
20210516
20210513
20210512
20210511
20210510
20210509
20210506
20210505
20210503
20210502
20210429
20210428
20210427
20210426
20210425
20210422
20210421
20210420
20210419
20210418
20210415
20210414
20210413
20210412
20210411
20210408
20210407
20210406
20210405
20210404
20210401
20210331
20210330
20210329
20210328
20210325
20210324
20210323
20210322
20210321
20210318
20210317
20210316
20210315
20210314
20210311
20210310
20210309
20210308
20210307
20210304
20210303
20210302
20210301
20210225
20210224
20210223
20210222
20210221
20210218
20210217
20210216
20210215
20210214
20210209
20210208
20210207
20210204
20210203
20210202
20210201
20210131
20210128
20210127
20210126
20210125
20210124
20210121
20210120
20210119
20210118
20210117
20210114
20210113
20210112
20210111
20210110
20210107
20210106
20210105
20210104
20210103
20201229
20201228
20201227
20201223
20201222
20201221
20201220
20201217
20201216
20201215
20201214
20201213
20201210
20201209
20201208
20201207
20201206
20201203
20201202
20201201
20201130
20201129
20201126
20201125
20201124
20201123
20201122
20201119
20201118
20201117
20201116
20201115
20201112
20201111
20201110
20201109
20201108
20201105
20201104
20201103
20201102
20201101
20201029
20201028
20201027
20201026
20201025
20201022
20201021
20201020
20201019
20201018
20201015
20201014
20201013
20201012
20201011
20201007
20201006
20201005
20201004
20200928
20200927
20200924
20200923
20200922
20200921
20200920
20200917
20200916
20200915
20200914
20200913
20200910
20200909
20200908
20200907
20200906
20200903
20200902
20200901
20200831
20200830
20200827
20200826
20200825
20200824
20200823
20200820
20200819
20200818
20200817
20200813
20200812
20200811
20200810
20200809
20200806
20200805
20200804
20200803
20200802
20200730
20200729
20200728
20200727
20200726
20200723
20200722
20200721
20200720
20200719
20200716
20200715
20200714
20200713
20200712
20200709
20200708
20200707
20200706
20200705
20200702
20200701
20200630
20200629
20200628
20200625
20200624
20200623
20200622
20200621
20200618
20200617
20200616
20200615
20200614
20200611
20200610
20200609
20200608
20200607
20200604
20200603
20200602
20200601
20200531
20200528
20200527
20200526
20200525
20200524
20200521
20200520
20200519
20200518
20200517
20200514
20200513
20200512
20200511
20200510
20200507
20200506
20200505
20200503
20200428
20200427
20200426
20200423
20200422
20200421
20200420
20200419
20200416
20200415
20200413
20200412
20200409
20200408
20200407
20200406
20200405
20200402
20200401
20200331
20200330
20200329
20200326
20200325
20200324
20200323
20200322
20200319
20200318
20200317
20200316
20200315
20200312
20200311
20200310
20200309
20200308
20200305
20200304
20200303
20200302
20200301
20200227
20200226
20200225
20200224
20200223
20200220
20200219
20200218
20200217
20200216
20200213
20200212
20200211
20200210
20200209
20200206
20200205
20200204
20200203
20200202
20200130
20200129
20200128
20200127
20200122
20200121
20200120
20200119
20200116
20200115
20200114
20200113
20200112
20200109
20200108
20200107
20200106
20200105
20200102
20200101
20191229
20191226
20191225
20191223
20191222
20191219
20191218
20191217
20191216
20191215
20191212
20191211
20191210
20191209
20191208
20191205
20191204
20191203
20191202
20191201
20191128
20191127
20191126
20191125
20191124
20191121
20191120
20191119
20191118
20191117
20191114
20191113
20191112
20191111
20191110
20191107
20191106
20191105
20191104
20191103
20191031
20191030
20191029
20191028
20191027
20191024
20191023
20191022
20191021
20191020
20191017
20191016
20191015
20191014
20191013
20191010
20191009
20191007
20191006
20191003
20191001
20190930
20190929
20190926
20190925
20190924
20190923
20190922
20190919
20190918
20190917
20190916
20190915
20190910
20190909
20190908
20190905
20190904
20190903
20190902
20190901
20190829
20190828
20190827
20190826
20190825
20190822
20190821
20190820
20190819
20190818
20190815
20190813
20190812
20190811
20190808
20190807
20190806
20190805
20190804
20190801
20190731
20190730
20190729
20190728
20190725
20190724
20190723
20190722
20190721
20190718
20190717
20190716
20190715
20190714
20190711
20190710
20190709
20190708
20190707
20190704
20190703
20190702
20190701
20190630
20190627
20190626
20190625
20190624
20190623
20190620
20190619
20190618
20190617
20190616
20190613
20190612
20190611
20190610
20190609
20190606
20190604
20190603
20190602
20190530
20190529
20190528
20190527
20190526
20190523
20190522
20190521
20190520
20190519
20190516
20190515
20190514
20190513
20190512
20190509
20190508
20190507
20190506
20190502
20190501
20190429
20190428
20190425
20190424
20190423
20190422
20190421
20190418
20190417
20190416
20190415
20190414
20190411
20190410
20190409
20190408
20190407
20190404
20190403
20190402
20190401
20190331
20190328
20190327
20190326
20190325
20190324
20190321
20190320
20190319
20190318
20190317
20190314
20190313
20190312
20190311
20190310
20190307
20190306
20190305
20190304
20190303
20190227
20190226
20190225
20190224
20190221
20190220
20190219
20190218
20190217
20190214
20190213
20190212
20190211
20190210
20190207
20190206
20190131
20190130
20190129
20190128
20190127
20190124
20190123
20190122
20190121
20190120
20190117
20190116
20190115
20190114
20190113
20190110
20190109
20190108
20190107
20190106
20190103
20190102
20190101
20181227
20181226
20181225
20181223
20181220
20181219
20181218
20181217
20181216
20181213
20181212
20181211
20181210
20181209
20181206
20181205
20181204
20181203
20181202
20181129
20181128
20181127
20181126
20181125
20181122
20181121
20181120
20181119
20181118
20181115
20181114
20181113
20181112
20181111
20181108
20181107
20181106
20181105
20181104
20181101
20181031
20181030
20181029
20181028
20181025
20181024
20181023
20181022
20181021
20181018
20181017
20181016
20181015
20181014
20181011
20181010
20181009
20181007
20181004
20181003
20181001
20180930
20180927
20180926
20180920
20180919
20180918
20180917
20180916
20180913
20180912
20180911
20180910
20180909
20180906
20180905
20180904
20180903
20180902
20180830
20180829
20180828
20180827
20180826
20180823
20180822
20180821
20180820
20180819
20180816
20180815
20180813
20180812
20180809
20180808
20180807
20180806
20180805
20180802
20180801
20180731
20180730
20180729
20180726
20180725
20180724
20180723
20180722
20180719
20180718
20180717
20180716
20180715
20180712
20180711
20180710
20180709
20180708
20180705
20180704
20180703
20180702
20180701
20180628
20180627
20180626
20180625
20180624
20180621
20180620
20180619
20180618
20180617
20180614
20180613
20180611
20180610
20180607
20180606
20180604
20180603
20180531
20180530
20180529
20180528
20180527
20180524
20180523
20180522
20180520
20180517
20180516
20180515
20180514
20180513
20180510
20180509
20180508
20180507
20180503
20180502
20180501
20180429
20180426
20180425
20180424
20180423
20180422
20180419
20180418
20180417
20180416
20180415
20180412
20180411
20180410
20180409
20180408
20180405
20180404
20180403
20180402
20180401
20180329
20180328
20180327
20180326
20180325
20180322
20180321
20180320
20180319
20180318
20180315
20180314
20180313
20180312
20180311
20180308
20180307
20180306
20180305
20180304
20180301
20180227
20180226
20180225
20180222
20180221
20180220
20180219
20180218
20180213
20180212
20180211
20180208
20180207
20180206
20180205
20180204
20180201
20180131
20180130
20180129
20180128
20180125
20180124
20180123
20180122
20180121
20180118
20180117
20180116
20180115
20180114
20180111
20180110
20180109
20180108
20180107
20180104
20180103
20180102
20180101
20171227
20171226
20171225
20171221
20171220
20171219
20171218
20171217
20171214
20171213
20171212
20171211
20171210
20171207
20171206
20171205
20171204
20171203
20171130
20171129
20171128
20171127
20171126
20171123
20171122
20171121
20171120
20171119
20171116
20171115
20171114
20171113
20171112
20171109
20171108
20171107
20171106
20171105
20171102
20171101
20171031
20171030
20171029
20171026
20171025
20171024
20171023
20171022
20171019
20171018
20171017
20171016
20171015
20171012
20171011
20171010
20171009
20170928
20170927
20170926
20170925
20170924
20170921
20170920
20170919
20170918
20170917
20170914
20170913
20170912
20170911
20170910
20170907
20170906
20170905
20170904
20170903
20170831
20170830
20170829
20170828
20170827
20170824
20170823
20170822
20170821
20170820
20170817
20170816
20170815
20170813
20170810
20170809
20170808
20170807
20170806
20170803
20170802
20170801
20170731
20170730
20170727
20170726
20170725
20170724
20170723
20170720
20170719
20170718
20170717
20170716
20170713
20170712
20170711
20170710
20170709
20170706
20170705
20170704
20170703
20170702
20170629
20170628
20170627
20170626
20170625
20170622
20170621
20170620
20170619
20170618
20170615
20170614
20170613
20170612
20170611
20170608
20170607
20170606
20170604
20170601
20170531
20170530
20170529
20170528
20170525
20170524
20170523
20170522
20170521
20170518
20170517
20170516
20170515
20170514
20170511
20170510
20170509
20170507
20170503
20170501
20170427
20170426
20170425
20170424
20170423
20170420
20170419
20170418
20170417
20170416
20170413
20170412
20170411
20170410
20170409
20170406
20170405
20170404
20170403
20170402
20170330
20170329
20170328
20170327
20170326
20170323
20170322
20170321
20170320
20170319
20170316
20170315
20170314
20170313
20170312
20170309
20170308
20170307
20170306
20170305
20170302
20170301
20170227
20170226
20170223
20170222
20170221
20170220
20170219
20170216
20170215
20170214
20170213
20170212
20170209
20170208
20170207
20170206
20170205
20170202
20170201
20170131
20170130
20170125
20170124
20170123
20170122
20170119
20170118
20170117
20170116
20170115
20170112
20170111
20170110
20170109
20170108
20170105
20170104
20170103
20170102
20170101
20161228
20161227
20161226
20161225
20161222
20161221
20161220
20161219
20161218
20161215
20161214
20161213
20161212
20161211
20161208
20161207
20161206
20161205
20161204
20161201
20161130
20161129
20161128
20161127
20161124
20161123
20161122
20161121
20161120
20161117
20161116
20161115
20161114
20161113
20161110
20161109
20161108
20161107
20161106
20161103
20161102
20161101
20161031
20161030
20161027
20161026
20161025
20161024
20161023
20161020
20161019
20161018
20161017
20161016
20161013
20161012
20161011
20161010
20161009
20161006
20161005
20161004
20161003
20160929
20160928
20160927
20160926
20160925
20160922
20160921
20160920
20160919
20160918
20160912
20160911
20160908
20160907
20160906
20160905
20160904
20160901
20160831
20160830
20160829
20160828
20160825
20160824
20160823
20160822
20160821
20160818
20160817
20160816
20160815
20160811
20160810
20160809
20160808
20160807
20160804
20160803
20160802
20160801
20160731
20160728
20160727
20160726
20160725
20160724
20160721
20160720
20160719
20160718
20160717
20160714
20160713
20160712
20160711
20160710
20160707
20160706
20160705
20160704
20160703
20160630
20160629
20160628
20160627
20160626
20160623
20160622
20160621
20160620
20160619
20160616
20160615
20160614
20160613
20160612
20160609
20160608
20160607
20160606
20160602
20160601
20160531
20160530
20160529
20160526
20160525
20160524
20160523
20160522
20160519
20160518
20160517
20160516
20160515
20160512
20160511
20160510
20160509
20160508
20160503
20160502
20160501
20160428
20160427
20160426
20160425
20160424
20160421
20160420
20160419
20160418
20160417
20160414
20160413
20160411
20160410
20160407
20160406
20160405
20160404
20160403
20160331
20160330
20160329
20160328
20160327
20160324
20160323
20160322
20160321
20160320
20160317
20160316
20160315
20160314
20160313
20160310
20160309
20160308
20160307
20160306
20160303
20160302
20160301
20160228
20160225
20160224
20160223
20160222
20160221
20160218
20160217
20160216
20160215
20160214
20160211
20160210
20160204
20160203
20160202
20160201
20160131
20160128
20160127
20160126
20160125
20160124
20160121
20160120
20160119
20160118
20160117
20160114
20160113
20160112
20160111
20160110
20160107
20160106
20160105
20160104
20160103
20151229
20151228
20151227
20151223
20151222
20151221
20151220
20151217
20151216
20151215
20151214
20151213
20151210
20151209
20151208
20151207
20151206
20151203
20151202
20151201
20151130
20151129
20151126
20151125
20151124
20151123
20151122
20151119
20151118
20151117
20151116
20151115
20151112
20151111
20151110
20151109
20151108
20151105
20151104
20151103
20151102
20151101
20151029
20151028
20151027
20151026
20151025
20151022
20151021
20151020
20151019
20151018
20151015
20151014
20151013
20151012
20151011
20151007
20151006
20151005
20151004
20151001
20150930
20150929
20150924
20150923
20150922
20150921
20150920
20150917
20150916
20150915
20150914
20150913
20150910
20150909
20150908
20150907
20150906
20150903
20150902
20150901
20150831
20150830
20150827
20150826
20150825
20150824
20150823
20150820
20150819
20150818
20150817
20150816
20150812
20150811
20150810
20150809
20150806
20150805
20150804
20150803
20150802
20150730
20150729
20150728
20150727
20150726
20150723
20150722
20150721
20150720
20150719
20150716
20150715
20150714
20150713
20150712
20150709
20150708
20150707
20150706
20150705
20150702
20150701
20150630
20150629
20150628
20150625
20150624
20150623
20150622
20150621
20150618
20150617
20150616
20150615
20150614
20150611
20150610
20150609
20150608
20150607
20150604
20150603
20150602
20150601
20150531
20150528
20150527
20150526
20150525
20150521
20150520
20150519
20150518
20150517
20150514
20150513
20150512
20150511
20150510
20150507
20150506
20150505
20150503
20150429
20150428
20150427
20150426
20150423
20150422
20150421
20150420
20150419
20150416
20150415
20150414
20150413
20150412
20150409
20150408
20150407
20150406
20150405
20150402
20150401
20150331
20150330
20150329
20150326
20150325
20150324
20150323
20150322
20150319
20150318
20150317
20150316
20150315
20150312
20150311
20150310
20150309
20150308
20150305
20150304
20150303
20150302
20150301
20150226
20150225
20150224
20150223
20150222
20150216
20150215
20150212
20150211
20150210
20150209
20150208
20150205
20150204
20150203
20150202
20150201
20150129
20150128
20150127
20150126
20150125
20150122
20150121
20150120
20150119
20150118
20150115
20150114
20150113
20150112
20150111
20150108
20150107
20150106
20150105
20150104
20150101
20141229
20141228
20141225
20141223
20141222
20141221
20141218
20141217
20141216
20141215
20141214
20141211
20141210
20141209
20141208
20141207
20141204
20141203
20141202
20141201
20141130
20141127
20141126
20141125
20141124
20141123
20141120
20141119
20141118
20141117
20141116
20141113
20141112
20141111
20141110
20141109
20141106
20141105
20141104
20141103
20141102
20141030
20141029
20141028
20141027
20141026
20141023
20141022
20141021
20141020
20141019
20141016
20141015
20141014
20141013
20141012
20141009
20141007
20141006
20141005
20141001
20140930
20140929
20140928
20140925
20140924
20140923
20140922
20140921
20140918
20140917
20140916
20140915
20140914
20140911
20140910
20140904
20140903
20140902
20140901
20140831
20140828
20140827
20140826
20140825
20140824
20140821
20140820
20140819
20140818
20140817
20140813
20140812
20140811
20140810
20140807
20140806
20140805
20140804
20140803
20140731
20140730
20140729
20140728
20140727
20140724
20140723
20140722
20140721
20140720
20140717
20140716
20140715
20140714
20140713
20140710
20140709
20140708
20140707
20140706
20140703
20140702
20140701
20140630
20140629
20140626
20140625
20140624
20140623
20140622
20140619
20140618
20140617
20140616
20140615
20140612
20140611
20140610
20140609
20140608
20140604
20140602
20140601
20140529
20140528
20140527
20140526
20140525
20140522
20140521
20140520
20140519
20140518
20140515
20140514
20140513
20140512
20140511
20140508
20140507
20140506
20140501
20140429
20140428
20140427
20140424
20140423
20140422
20140421
20140420
20140417
20140416
20140415
20140414
20140413
20140410
20140409
20140408
20140407
20140406
20140403
20140402
20140401
20140331
20140330
20140327
20140326
20140325
20140324
20140323
20140320
20140319
20140318
20140317
20140316
20140313
20140312
20140311
20140310
20140309
20140306
20140305
20140304
20140303
20140302
20140227
20140226
20140225
20140224
20140223
20140220
20140219
20140218
20140217
20140216
20140213
20140212
20140211
20140210
20140209
20140206
20140205
20140204
20140203
20140202
20140128
20140127
20140126
20140123
20140122
20140121
20140120
20140119
20140116
20140115
20140114
20140113
20140112
20140109
20140108
20140107
20140106
20140105
20140102
20140101
20131229
20131226
20131225
20131223
20131222
20131219
20131218
20131217
20131216
20131215
20131212
20131211
20131210
20131209
20131208
20131205
20131204
20131203
20131202
20131201
20131128
20131127
20131126
20131125
20131124
20131121
20131120
20131119
20131118
20131117
20131114
20131113
20131112
20131111
20131110
20131107
20131106
20131105
20131104
20131103
20131031
20131030
20131029
20131028
20131027
20131024
20131023
20131022
20131021
20131020
20131017
20131016
20131015
20131014
20131013
20131010
20131009
20131007
20131006
20131003
20131001
20130930
20130929
20130926
20130925
20130924
20130923
20130922
20130916
20130915
20130912
20130911
20130910
20130909
20130908
20130905
20130904
20130903
20130902
20130901
20130829
20130828
20130827
20130826
20130825
20130822
20130821
20130820
20130819
20130818
20130815
20130813
20130812
20130811
20130808
20130807
20130806
20130805
20130804
20130801
20130731
20130730
20130729
20130728
20130725
20130724
20130723
20130722
20130721
20130718
20130717
20130716
20130715
20130714
20130711
20130710
20130709
20130708
20130707
20130704
20130703
20130702
20130701
20130630
20130627
20130626
20130625
20130624
20130623
20130620
20130619
20130618
20130617
20130616
20130613
20130612
20130611
20130610
20130609
20130606
20130604
20130603
20130602
20130530
20130529
20130528
20130527
20130526
20130523
20130522
20130521
20130520
20130519
20130515
20130514
20130513
20130512
20130509
20130508
20130507
20130506
20130505
20130502
20130501
20130429
20130428
20130425
20130424
20130423
20130422
20130421
20130418
20130417
20130416
20130415
20130414
20130411
20130410
20130409
20130408
20130407
20130404
20130403
20130402
20130401
20130331
20130328
20130327
20130326
20130325
20130324
20130321
20130320
20130319
20130318
20130317
20130314
20130313
20130312
20130311
20130310
20130307
20130306
20130305
20130304
20130303
20130227
20130226
20130225
20130224
20130221
20130220
20130219
20130218
20130217
20130214
20130213
20130212
20130211
20130207
20130206
20130205
20130204
20130203
20130131
20130130
20130129
20130128
20130127
20130124
20130123
20130122
20130121
20130120
20130117
20130116
20130115
20130114
20130113
20130110
20130109
20130108
20130107
20130106
20130103
20130102
20130101
20121227
20121226
20121225
20121223
20121220
20121219
20121217
20121216
20121213
20121212
20121211
20121210
20121209
20121206
20121205
20121204
20121203
20121202
20121129
20121128
20121127
20121126
20121125
20121122
20121121
20121120
20121119
20121118
20121115
20121114
20121113
20121112
20121111
20121108
20121107
20121106
20121105
20121104
20121101
20121031
20121030
20121029
20121028
20121025
20121024
20121023
20121022
20121021
20121018
20121017
20121016
20121015
20121014
20121011
20121010
20121009
20121008
20121007
20121004
20121003
20121001
20120927
20120926
20120925
20120924
20120923
20120920
20120919
20120918
20120917
20120916
20120913
20120912
20120911
20120910
20120909
20120906
20120905
20120904
20120903
20120902
20120830
20120829
20120828
20120827
20120826
20120823
20120822
20120821
20120820
20120819
20120816
20120815
20120813
20120812
20120809
20120808
20120807
20120806
20120805
20120802
20120801
20120731
20120730
20120729
20120726
20120725
20120724
20120723
20120722
20120719
20120718
20120717
20120716
20120715
20120712
20120711
20120710
20120709
20120708
20120705
20120704
20120703
20120702
20120701
20120628
20120627
20120626
20120625
20120624
20120621
20120620
20120619
20120618
20120617
20120614
20120613
20120612
20120611
20120610
20120607
20120606
20120604
20120603
20120531
20120530
20120529
20120528
20120524
20120523
20120522
20120521
20120520
20120517
20120516
20120515
20120514
20120513
20120510
20120509
20120508
20120507
20120506
20120503
20120502
20120501
20120429
20120426
20120425
20120424
20120423
20120422
20120419
20120418
20120417
20120416
20120415
20120412
20120411
20120409
20120408
20120405
20120404
20120403
20120402
20120401
20120329
20120328
20120327
20120326
20120325
20120322
20120321
20120320
20120319
20120318
20120315
20120314
20120313
20120312
20120311
20120308
20120307
20120306
20120305
20120304
20120301
20120228
20120227
20120226
20120223
20120222
20120221
20120220
20120219
20120216
20120215
20120214
20120213
20120212
20120209
20120208
20120207
20120206
20120205
20120202
20120201
20120131
20120130
20120129
20120126
20120125
20120124
20120119
20120118
20120117
20120116
20120115
20120112
20120111
20120110
20120109
20120108
20120105
20120104
20120103
20120102
20120101
20111228
20111227
20111226
20111225
20111222
20111221
20111220
20111219
20111218
20111215
20111214
20111213
20111212
20111211
20111208
20111207
20111206
20111205
20111204
20111201
20111130
20111129
20111128
20111127
20111124
20111123
20111122
20111121
20111120
20111117
20111116
20111115
20111114
20111113
20111110
20111109
20111108
20111107
20111106
20111103
20111102
20111101
20111031
20111030
20111027
20111026
20111025
20111024
20111023
20111020
20111019
20111018
20111017
20111016
20111013
20111012
20111011
20111010
20111009
20111006
20111005
20111004
20111003
20110929
20110928
20110927
20110926
20110925
20110922
20110921
20110920
20110919
20110918
20110915
20110914
20110913
20110908
20110907
20110906
20110905
20110904
20110901
20110831
20110830
20110829
20110828
20110825
20110824
20110823
20110822
20110821
20110818
20110817
20110816
20110815
20110811
20110810
20110809
20110808
20110807
20110804
20110803
20110802
20110801
20110731
20110728
20110727
20110726
20110725
20110724
20110721
20110720
20110719
20110718
20110717
20110714
20110713
20110712
20110711
20110710
20110707
20110706
20110705
20110704
20110703
20110630
20110629
20110628
20110627
20110626
20110623
20110622
20110621
20110620
20110619
20110616
20110615
20110614
20110613
20110612
20110609
20110608
20110607
20110606
20110602
20110601
20110531
20110530
20110529
20110526
20110525
20110524
20110523
20110522
20110519
20110518
20110517
20110516
20110515
20110512
20110511
20110510
20110508
20110505
20110503
20110502
20110501
20110428
20110427
20110426
20110425
20110424
20110421
20110420
20110419
20110418
20110417
20110414
20110413
20110412
20110411
20110410
20110407
20110406
20110405
20110404
20110403
20110331
20110330
20110329
20110328
20110327
20110324
20110323
20110322
20110321
20110320
20110317
20110316
20110315
20110314
20110313
20110310
20110309
20110308
20110307
20110306
20110303
20110302
20110301
20110227
20110224
20110223
20110222
20110221
20110220
20110217
20110216
20110215
20110214
20110213
20110210
20110209
20110208
20110207
20110206
20110131
20110130
20110127
20110126
20110125
20110124
20110123
20110120
20110119
20110118
20110117
20110116
20110113
20110112
20110111
20110110
20110109
20110106
20110105
20110104
20110103
20110102
20101229
20101228
20101227
20101226
20101223
20101222
20101221
20101220
20101219
20101216
20101215
20101214
20101213
20101212
20101209
20101208
20101207
20101206
20101205
20101202
20101201
20101130
20101129
20101128
20101125
20101124
20101123
20101122
20101121
20101118
20101117
20101116
20101115
20101114
20101111
20101110
20101109
20101108
20101107
20101104
20101103
20101102
20101101
20101031
20101028
20101027
20101026
20101025
20101024
20101021
20101020
20101019
20101018
20101017
20101014
20101013
20101012
20101011
20101010
20101007
20101006
20101005
20101004
20101003
20100930
20100929
20100928
20100927
20100926
20100923
20100919
20100916
20100915
20100914
20100913
20100912
20100909
20100908
20100907
20100906
20100905
20100902
20100901
20100831
20100830
20100829
20100826
20100825
20100824
20100823
20100822
20100819
20100818
20100817
20100816
20100815
20100812
20100811
20100810
20100809
20100808
20100805
20100804
20100803
20100802
20100801
20100729
20100728
20100727
20100726
20100725
20100722
20100721
20100720
20100719
20100718
20100715
20100714
20100713
20100712
20100711
20100708
20100707
20100706
20100705
20100704
20100701
20100630
20100629
20100628
20100627
20100624
20100623
20100622
20100621
20100620
20100617
20100616
20100615
20100614
20100613
20100610
20100609
20100608
20100607
20100606
20100603
20100602
20100531
20100530
20100527
20100526
20100525
20100524
20100523
20100519
20100518
20100517
20100516
20100513
20100512
20100511
20100510
20100509
20100506
20100505
20100503
20100502
20100429
20100428
20100427
20100426
20100425
20100422
20100421
20100420
20100419
20100418
20100415
20100414
20100413
20100412
20100411
20100408
20100407
20100406
20100405
20100404
20100401
20100331
20100330
20100329
20100328
20100325
20100324
20100323
20100322
20100321
20100318
20100317
20100316
20100315
20100314
20100311
20100310
20100309
20100308
20100307
20100304
20100303
20100302
20100301
20100225
20100224
20100223
20100222
20100221
20100218
20100217
20100216
20100215
20100211
20100210
20100209
20100208
20100207
20100204
20100203
20100202
20100201
20100131
20100128
20100127
20100126
20100125
20100124
20100121
20100120
20100119
20100118
20100117
20100114
20100113
20100112
20100111
20100110
20100107
20100106
20100105
20100104
20100103
20091229
20091228
20091227
20091223
20091222
20091221
20091220
20091217
20091216
20091215
20091214
20091213
20091210
20091209
20091208
20091207
20091206
20091203
20091202
20091201
20091130
20091129
20091126
20091125
20091124
20091123
20091122
20091119
20091118
20091117
20091116
20091115
20091112
20091111
20091110
20091109
20091108
20091105
20091104
20091103
20091102
20091101
20091029
20091028
20091027
20091026
20091025
20091022
20091021
20091020
20091019
20091018
20091015
20091014
20091013
20091012
20091011
20091008
20091007
20091006
20091005
20091004
20090930
20090929
20090928
20090927
20090924
20090923
20090922
