20230602
20230601
20230531
20230530
20230526
20230525
20230524
20230523
20230522
20230519
20230518
20230517
20230516
20230515
20230512
20230511
20230510
20230509
20230508
20230504
20230503
20230502
20230428
20230427
20230426
20230425
20230424
20230421
20230420
20230419
20230418
20230417
20230414
20230413
20230412
20230411
20230410
20230407
20230406
20230405
20230404
20230403
20230331
20230330
20230329
20230328
20230327
20230324
20230323
20230322
20230321
20230320
20230317
20230316
20230315
20230314
20230313
20230310
20230309
20230308
20230307
20230306
20230303
20230302
20230228
20230227
20230224
20230223
20230222
20230221
20230220
20230217
20230216
20230215
20230214
20230213
20230210
20230209
20230208
20230207
20230206
20230203
20230202
20230201
20230131
20230130
20230127
20230126
20230125
20230120
20230119
20230118
20230117
20230116
20230113
20230112
20230111
20230110
20230109
20230106
20230105
20230104
20230103
20230102
20221229
20221228
20221227
20221226
20221223
20221222
20221221
20221220
20221219
20221216
20221215
20221214
20221213
20221212
20221209
20221208
20221207
20221206
20221205
20221202
20221201
20221130
20221129
20221128
20221125
20221124
20221123
20221122
20221121
20221118
20221117
20221116
20221115
20221114
20221111
20221110
20221109
20221108
20221107
20221104
20221103
20221102
20221101
20221031
20221028
20221027
20221026
20221025
20221024
20221021
20221020
20221019
20221018
20221017
20221014
20221013
20221012
20221011
20221007
20221006
20221005
20221004
20220930
20220929
20220928
20220927
20220926
20220923
20220922
20220921
20220920
20220919
20220916
20220915
20220914
20220913
20220908
20220907
20220906
20220905
20220902
20220901
20220831
20220830
20220829
20220826
20220825
20220824
20220823
20220822
20220819
20220818
20220817
20220816
20220812
20220811
20220810
20220809
20220808
20220805
20220804
20220803
20220802
20220801
20220729
20220728
20220727
20220726
20220725
20220722
20220721
20220720
20220719
20220718
20220715
20220714
20220713
20220712
20220711
20220708
20220707
20220706
20220705
20220704
20220701
20220630
20220629
20220628
20220627
20220624
20220623
20220622
20220621
20220620
20220617
20220616
20220615
20220614
20220613
20220610
20220609
20220608
20220607
20220603
20220602
20220531
20220530
20220527
20220526
20220525
20220524
20220523
20220520
20220519
20220518
20220517
20220516
20220513
20220512
20220511
20220510
20220509
20220506
20220504
20220503
20220502
20220429
20220428
20220427
20220426
20220425
20220422
20220421
20220420
20220419
20220418
20220415
20220414
20220413
20220412
20220411
20220408
20220407
20220406
20220405
20220404
20220401
20220331
20220330
20220329
20220328
20220325
20220324
20220323
20220322
20220321
20220318
20220317
20220316
20220315
20220314
20220311
20220310
20220308
20220307
20220304
20220303
20220302
20220228
20220225
20220224
20220223
20220222
20220221
20220218
20220217
20220216
20220215
20220214
20220211
20220210
20220209
20220208
20220207
20220204
20220203
20220128
20220127
20220126
20220125
20220124
20220121
20220120
20220119
20220118
20220117
20220114
20220113
20220112
20220111
20220110
20220107
20220106
20220105
20220104
20220103
20211230
20211229
20211228
20211227
20211224
20211223
20211222
20211221
20211220
20211217
20211216
20211215
20211214
20211213
20211210
20211209
20211208
20211207
20211206
20211203
20211202
20211201
20211130
20211129
20211126
20211125
20211124
20211123
20211122
20211119
20211118
20211117
20211116
20211115
20211112
20211111
20211110
20211109
20211108
20211105
20211104
20211103
20211102
20211101
20211029
20211028
20211027
20211026
20211025
20211022
20211021
20211020
20211019
20211018
20211015
20211014
20211013
20211012
20211008
20211007
20211006
20211005
20211001
20210930
20210929
20210928
20210927
20210924
20210923
20210917
20210916
20210915
20210914
20210913
20210910
20210909
20210908
20210907
20210906
20210903
20210902
20210901
20210831
20210830
20210827
20210826
20210825
20210824
20210823
20210820
20210819
20210818
20210817
20210813
20210812
20210811
20210810
20210809
20210806
20210805
20210804
20210803
20210802
20210730
20210729
20210728
20210727
20210726
20210723
20210722
20210721
20210720
20210719
20210716
20210715
20210714
20210713
20210712
20210709
20210708
20210707
20210706
20210705
20210702
20210701
20210630
20210629
20210628
20210625
20210624
20210623
20210622
20210621
20210618
20210617
20210616
20210615
20210614
20210611
20210610
20210609
20210608
20210607
20210604
20210603
20210602
20210601
20210531
20210528
20210527
20210526
20210525
20210524
20210521
20210520
20210518
20210517
20210514
20210513
20210512
20210511
20210510
20210507
20210506
20210504
20210503
20210430
20210429
20210428
20210427
20210426
20210423
20210422
20210421
20210420
20210419
20210416
20210415
20210414
20210413
20210412
20210409
20210408
20210407
20210406
20210405
20210402
20210401
20210331
20210330
20210329
20210326
20210325
20210324
20210323
20210322
20210319
20210318
20210317
20210316
20210315
20210312
20210311
20210310
20210309
20210308
20210305
20210304
20210303
20210302
20210226
20210225
20210224
20210223
20210222
20210219
20210218
20210217
20210216
20210215
20210210
20210209
20210208
20210205
20210204
20210203
20210202
20210201
20210129
20210128
20210127
20210126
20210125
20210122
20210121
20210120
20210119
20210118
20210115
20210114
20210113
20210112
20210111
20210108
20210107
20210106
20210105
20210104
20201230
20201229
20201228
20201224
20201223
20201222
20201221
20201218
20201217
20201216
20201215
20201214
20201211
20201210
20201209
20201208
20201207
20201204
20201203
20201202
20201201
20201130
20201127
20201126
20201125
20201124
20201123
20201120
20201119
20201118
20201117
20201116
20201113
20201112
20201111
20201110
20201109
20201106
20201105
20201104
20201103
20201102
20201030
20201029
20201028
20201027
20201026
20201023
20201022
20201021
20201020
20201019
20201016
20201015
20201014
20201013
20201012
20201008
20201007
20201006
20201005
20200929
20200928
20200925
20200924
20200923
20200922
20200921
20200918
20200917
20200916
20200915
20200914
20200911
20200910
20200909
20200908
20200907
20200904
20200903
20200902
20200901
20200831
20200828
20200827
20200826
20200825
20200824
20200821
20200820
20200819
20200818
20200814
20200813
20200812
20200811
20200810
20200807
20200806
20200805
20200804
20200803
20200731
20200730
20200729
20200728
20200727
20200724
20200723
20200722
20200721
20200720
20200717
20200716
20200715
20200714
20200713
20200710
20200709
20200708
20200707
20200706
20200703
20200702
20200701
20200630
20200629
20200626
20200625
20200624
20200623
20200622
20200619
20200618
20200617
20200616
20200615
20200612
20200611
20200610
20200609
20200608
20200605
20200604
20200603
20200602
20200601
20200529
20200528
20200527
20200526
20200525
20200522
20200521
20200520
20200519
20200518
20200515
20200514
20200513
20200512
20200511
20200508
20200507
20200506
20200504
20200429
20200428
20200427
20200424
20200423
20200422
20200421
20200420
20200417
20200416
20200414
20200413
20200410
20200409
20200408
20200407
20200406
20200403
20200402
20200401
20200331
20200330
20200327
20200326
20200325
20200324
20200323
20200320
20200319
20200318
20200317
20200316
20200313
20200312
20200311
20200310
20200309
20200306
20200305
20200304
20200303
20200302
20200228
20200227
20200226
20200225
20200224
20200221
20200220
20200219
20200218
20200217
20200214
20200213
20200212
20200211
20200210
20200207
20200206
20200205
20200204
20200203
20200131
20200130
20200129
20200128
20200123
20200122
20200121
20200120
20200117
20200116
20200115
20200114
20200113
20200110
20200109
20200108
20200107
20200106
20200103
20200102
20191230
20191227
20191226
20191224
20191223
20191220
20191219
20191218
20191217
20191216
20191213
20191212
20191211
20191210
20191209
20191206
20191205
20191204
20191203
20191202
20191129
20191128
20191127
20191126
20191125
20191122
20191121
20191120
20191119
20191118
20191115
20191114
20191113
20191112
20191111
20191108
20191107
20191106
20191105
20191104
20191101
20191031
20191030
20191029
20191028
20191025
20191024
20191023
20191022
20191021
20191018
20191017
20191016
20191015
20191014
20191011
20191010
20191008
20191007
20191004
20191002
20191001
20190930
20190927
20190926
20190925
20190924
20190923
20190920
20190919
20190918
20190917
20190916
20190911
20190910
20190909
20190906
20190905
20190904
20190903
20190902
20190830
20190829
20190828
20190827
20190826
20190823
20190822
20190821
20190820
20190819
20190816
20190814
20190813
20190812
20190809
20190808
20190807
20190806
20190805
20190802
20190801
20190731
20190730
20190729
20190726
20190725
20190724
20190723
20190722
20190719
20190718
20190717
20190716
20190715
20190712
20190711
20190710
20190709
20190708
20190705
20190704
20190703
20190702
20190701
20190628
20190627
20190626
20190625
20190624
20190621
20190620
20190619
20190618
20190617
20190614
20190613
20190612
20190611
20190610
20190607
20190605
20190604
20190603
20190531
20190530
20190529
20190528
20190527
20190524
20190523
20190522
20190521
20190520
20190517
20190516
20190515
20190514
20190513
20190510
20190509
20190508
20190507
20190503
20190502
20190430
20190429
20190426
20190425
20190424
20190423
20190422
20190419
20190418
20190417
20190416
20190415
20190412
20190411
20190410
20190409
20190408
20190405
20190404
20190403
20190402
20190401
20190329
20190328
20190327
20190326
20190325
20190322
20190321
20190320
20190319
20190318
20190315
20190314
20190313
20190312
20190311
20190308
20190307
20190306
20190305
20190304
20190228
20190227
20190226
20190225
20190222
20190221
20190220
20190219
20190218
20190215
20190214
20190213
20190212
20190211
20190208
20190207
20190201
20190131
20190130
20190129
20190128
20190125
20190124
20190123
20190122
20190121
20190118
20190117
20190116
20190115
20190114
20190111
20190110
20190109
20190108
20190107
20190104
20190103
20190102
20181228
20181227
20181226
20181224
20181221
20181220
20181219
20181218
20181217
20181214
20181213
20181212
20181211
20181210
20181207
20181206
20181205
20181204
20181203
20181130
20181129
20181128
20181127
20181126
20181123
20181122
20181121
20181120
20181119
20181116
20181115
20181114
20181113
20181112
20181109
20181108
20181107
20181106
20181105
20181102
20181101
20181031
20181030
20181029
20181026
20181025
20181024
20181023
20181022
20181019
20181018
20181017
20181016
20181015
20181012
20181011
20181010
20181008
20181005
20181004
20181002
20181001
20180928
20180927
20180921
20180920
20180919
20180918
20180917
20180914
20180913
20180912
20180911
20180910
20180907
20180906
20180905
20180904
20180903
20180831
20180830
20180829
20180828
20180827
20180824
20180823
20180822
20180821
20180820
20180817
20180816
20180814
20180813
20180810
20180809
20180808
20180807
20180806
20180803
20180802
20180801
20180731
20180730
20180727
20180726
20180725
20180724
20180723
20180720
20180719
20180718
20180717
20180716
20180713
20180712
20180711
20180710
20180709
20180706
20180705
20180704
20180703
20180702
20180629
20180628
20180627
20180626
20180625
20180622
20180621
20180620
20180619
20180618
20180615
20180614
20180612
20180611
20180608
20180607
20180605
20180604
20180601
20180531
20180530
20180529
20180528
20180525
20180524
20180523
20180521
20180518
20180517
20180516
20180515
20180514
20180511
20180510
20180509
20180508
20180504
20180503
20180502
20180430
20180427
20180426
20180425
20180424
20180423
20180420
20180419
20180418
20180417
20180416
20180413
20180412
20180411
20180410
20180409
20180406
20180405
20180404
20180403
20180402
20180330
20180329
20180328
20180327
20180326
20180323
20180322
20180321
20180320
20180319
20180316
20180315
20180314
20180313
20180312
20180309
20180308
20180307
20180306
20180305
20180302
20180228
20180227
20180226
20180223
20180222
20180221
20180220
20180219
20180214
20180213
20180212
20180209
20180208
20180207
20180206
20180205
20180202
20180201
20180131
20180130
20180129
20180126
20180125
20180124
20180123
20180122
20180119
20180118
20180117
20180116
20180115
20180112
20180111
20180110
20180109
20180108
20180105
20180104
20180103
20180102
20171228
20171227
20171226
20171222
20171221
20171220
20171219
20171218
20171215
20171214
20171213
20171212
20171211
20171208
20171207
20171206
20171205
20171204
20171201
20171130
20171129
20171128
20171127
20171124
20171123
20171122
20171121
20171120
20171117
20171116
20171115
20171114
20171113
20171110
20171109
20171108
20171107
20171106
20171103
20171102
20171101
20171031
20171030
20171027
20171026
20171025
20171024
20171023
20171020
20171019
20171018
20171017
20171016
20171013
20171012
20171011
20171010
20170929
20170928
20170927
20170926
20170925
20170922
20170921
20170920
20170919
20170918
20170915
20170914
20170913
20170912
20170911
20170908
20170907
20170906
20170905
20170904
20170901
20170831
20170830
20170829
20170828
20170825
20170824
20170823
20170822
20170821
20170818
20170817
20170816
20170814
20170811
20170810
20170809
20170808
20170807
20170804
20170803
20170802
20170801
20170731
20170728
20170727
20170726
20170725
20170724
20170721
20170720
20170719
20170718
20170717
20170714
20170713
20170712
20170711
20170710
20170707
20170706
20170705
20170704
20170703
20170630
20170629
20170628
20170627
20170626
20170623
20170622
20170621
20170620
20170619
20170616
20170615
20170614
20170613
20170612
20170609
20170608
20170607
20170605
20170602
20170601
20170531
20170530
20170529
20170526
20170525
20170524
20170523
20170522
20170519
20170518
20170517
20170516
20170515
20170512
20170511
20170510
20170508
20170504
20170502
20170428
20170427
20170426
20170425
20170424
20170421
20170420
20170419
20170418
20170417
20170414
20170413
20170412
20170411
20170410
20170407
20170406
20170405
20170404
20170403
20170331
20170330
20170329
20170328
20170327
20170324
20170323
20170322
20170321
20170320
20170317
20170316
20170315
20170314
20170313
20170310
20170309
20170308
20170307
20170306
20170303
20170302
20170228
20170227
20170224
20170223
20170222
20170221
20170220
20170217
20170216
20170215
20170214
20170213
20170210
20170209
20170208
20170207
20170206
20170203
20170202
20170201
20170131
20170126
20170125
20170124
20170123
20170120
20170119
20170118
20170117
20170116
20170113
20170112
20170111
20170110
20170109
20170106
20170105
20170104
20170103
20170102
20161229
20161228
20161227
20161226
20161223
20161222
20161221
20161220
20161219
20161216
20161215
20161214
20161213
20161212
20161209
20161208
20161207
20161206
20161205
20161202
20161201
20161130
20161129
20161128
20161125
20161124
20161123
20161122
20161121
20161118
20161117
20161116
20161115
20161114
20161111
20161110
20161109
20161108
20161107
20161104
20161103
20161102
20161101
20161031
20161028
20161027
20161026
20161025
20161024
20161021
20161020
20161019
20161018
20161017
20161014
20161013
20161012
20161011
20161010
20161007
20161006
20161005
20161004
20160930
20160929
20160928
20160927
20160926
20160923
20160922
20160921
20160920
20160919
20160913
20160912
20160909
20160908
20160907
20160906
20160905
20160902
20160901
20160831
20160830
20160829
20160826
20160825
20160824
20160823
20160822
20160819
20160818
20160817
20160816
20160812
20160811
20160810
20160809
20160808
20160805
20160804
20160803
20160802
20160801
20160729
20160728
20160727
20160726
20160725
20160722
20160721
20160720
20160719
20160718
20160715
20160714
20160713
20160712
20160711
20160708
20160707
20160706
20160705
20160704
20160701
20160630
20160629
20160628
20160627
20160624
20160623
20160622
20160621
20160620
20160617
20160616
20160615
20160614
20160613
20160610
20160609
20160608
20160607
20160603
20160602
20160601
20160531
20160530
20160527
20160526
20160525
20160524
20160523
20160520
20160519
20160518
20160517
20160516
20160513
20160512
20160511
20160510
20160509
20160504
20160503
20160502
20160429
20160428
20160427
20160426
20160425
20160422
20160421
20160420
20160419
20160418
20160415
20160414
20160412
20160411
20160408
20160407
20160406
20160405
20160404
20160401
20160331
20160330
20160329
20160328
20160325
20160324
20160323
20160322
20160321
20160318
20160317
20160316
20160315
20160314
20160311
20160310
20160309
20160308
20160307
20160304
20160303
20160302
20160229
20160226
20160225
20160224
20160223
20160222
20160219
20160218
20160217
20160216
20160215
20160212
20160211
20160205
20160204
20160203
20160202
20160201
20160129
20160128
20160127
20160126
20160125
20160122
20160121
20160120
20160119
20160118
20160115
20160114
20160113
20160112
20160111
20160108
20160107
20160106
20160105
20160104
20151230
20151229
20151228
20151224
20151223
20151222
20151221
20151218
20151217
20151216
20151215
20151214
20151211
20151210
20151209
20151208
20151207
20151204
20151203
20151202
20151201
20151130
20151127
20151126
20151125
20151124
20151123
20151120
20151119
20151118
20151117
20151116
20151113
20151112
20151111
20151110
20151109
20151106
20151105
20151104
20151103
20151102
20151030
20151029
20151028
20151027
20151026
20151023
20151022
20151021
20151020
20151019
20151016
20151015
20151014
20151013
20151012
20151008
20151007
20151006
20151005
20151002
20151001
20150930
20150925
20150924
20150923
20150922
20150921
20150918
20150917
20150916
20150915
20150914
20150911
20150910
20150909
20150908
20150907
20150904
20150903
20150902
20150901
20150831
20150828
20150827
20150826
20150825
20150824
20150821
20150820
20150819
20150818
20150817
20150813
20150812
20150811
20150810
20150807
20150806
20150805
20150804
20150803
20150731
20150730
20150729
20150728
20150727
20150724
20150723
20150722
20150721
20150720
20150717
20150716
20150715
20150714
20150713
20150710
20150709
20150708
20150707
20150706
20150703
20150702
20150701
20150630
20150629
20150626
20150625
20150624
20150623
20150622
20150619
20150618
20150617
20150616
20150615
20150612
20150611
20150610
20150609
20150608
20150605
20150604
20150603
20150602
20150601
20150529
20150528
20150527
20150526
20150522
20150521
20150520
20150519
20150518
20150515
20150514
20150513
20150512
20150511
20150508
20150507
20150506
20150504
20150430
20150429
20150428
20150427
20150424
20150423
20150422
20150421
20150420
20150417
20150416
20150415
20150414
20150413
20150410
20150409
20150408
20150407
20150406
20150403
20150402
20150401
20150331
20150330
20150327
20150326
20150325
20150324
20150323
20150320
20150319
20150318
20150317
20150316
20150313
20150312
20150311
20150310
20150309
20150306
20150305
20150304
20150303
20150302
20150227
20150226
20150225
20150224
20150223
20150217
20150216
20150213
20150212
20150211
20150210
20150209
20150206
20150205
20150204
20150203
20150202
20150130
20150129
20150128
20150127
20150126
20150123
20150122
20150121
20150120
20150119
20150116
20150115
20150114
20150113
20150112
20150109
20150108
20150107
20150106
20150105
20150102
20141230
20141229
20141226
20141224
20141223
20141222
20141219
20141218
20141217
20141216
20141215
20141212
20141211
20141210
20141209
20141208
20141205
20141204
20141203
20141202
20141201
20141128
20141127
20141126
20141125
20141124
20141121
20141120
20141119
20141118
20141117
20141114
20141113
20141112
20141111
20141110
20141107
20141106
20141105
20141104
20141103
20141031
20141030
20141029
20141028
20141027
20141024
20141023
20141022
20141021
20141020
20141017
20141016
20141015
20141014
20141013
20141010
20141008
20141007
20141006
20141002
20141001
20140930
20140929
20140926
20140925
20140924
20140923
20140922
20140919
20140918
20140917
20140916
20140915
20140912
20140911
20140905
20140904
20140903
20140902
20140901
20140829
20140828
20140827
20140826
20140825
20140822
20140821
20140820
20140819
20140818
20140814
20140813
20140812
20140811
20140808
20140807
20140806
20140805
20140804
20140801
20140731
20140730
20140729
20140728
20140725
20140724
20140723
20140722
20140721
20140718
20140717
20140716
20140715
20140714
20140711
20140710
20140709
20140708
20140707
20140704
20140703
20140702
20140701
20140630
20140627
20140626
20140625
20140624
20140623
20140620
20140619
20140618
20140617
20140616
20140613
20140612
20140611
20140610
20140609
20140605
20140603
20140602
20140530
20140529
20140528
20140527
20140526
20140523
20140522
20140521
20140520
20140519
20140516
20140515
20140514
20140513
20140512
20140509
20140508
20140507
20140502
20140430
20140429
20140428
20140425
20140424
20140423
20140422
20140421
20140418
20140417
20140416
20140415
20140414
20140411
20140410
20140409
20140408
20140407
20140404
20140403
20140402
20140401
20140331
20140328
20140327
20140326
20140325
20140324
20140321
20140320
20140319
20140318
20140317
20140314
20140313
20140312
20140311
20140310
20140307
20140306
20140305
20140304
20140303
20140228
20140227
20140226
20140225
20140224
20140221
20140220
20140219
20140218
20140217
20140214
20140213
20140212
20140211
20140210
20140207
20140206
20140205
20140204
20140203
20140129
20140128
20140127
20140124
20140123
20140122
20140121
20140120
20140117
20140116
20140115
20140114
20140113
20140110
20140109
20140108
20140107
20140106
20140103
20140102
20131230
20131227
20131226
20131224
20131223
20131220
20131219
20131218
20131217
20131216
20131213
20131212
20131211
20131210
20131209
20131206
20131205
20131204
20131203
20131202
20131129
20131128
20131127
20131126
20131125
20131122
20131121
20131120
20131119
20131118
20131115
20131114
20131113
20131112
20131111
20131108
20131107
20131106
20131105
20131104
20131101
20131031
20131030
20131029
20131028
20131025
20131024
20131023
20131022
20131021
20131018
20131017
20131016
20131015
20131014
20131011
20131010
20131008
20131007
20131004
20131002
20131001
20130930
20130927
20130926
20130925
20130924
20130923
20130917
20130916
20130913
20130912
20130911
20130910
20130909
20130906
20130905
20130904
20130903
20130902
20130830
20130829
20130828
20130827
20130826
20130823
20130822
20130821
20130820
20130819
20130816
20130814
20130813
20130812
20130809
20130808
20130807
20130806
20130805
20130802
20130801
20130731
20130730
20130729
20130726
20130725
20130724
20130723
20130722
20130719
20130718
20130717
20130716
20130715
20130712
20130711
20130710
20130709
20130708
20130705
20130704
20130703
20130702
20130701
20130628
20130627
20130626
20130625
20130624
20130621
20130620
20130619
20130618
20130617
20130614
20130613
20130612
20130611
20130610
20130607
20130605
20130604
20130603
20130531
20130530
20130529
20130528
20130527
20130524
20130523
20130522
20130521
20130520
20130516
20130515
20130514
20130513
20130510
20130509
20130508
20130507
20130506
20130503
20130502
20130430
20130429
20130426
20130425
20130424
20130423
20130422
20130419
20130418
20130417
20130416
20130415
20130412
20130411
20130410
20130409
20130408
20130405
20130404
20130403
20130402
20130401
20130329
20130328
20130327
20130326
20130325
20130322
20130321
20130320
20130319
20130318
20130315
20130314
20130313
20130312
20130311
20130308
20130307
20130306
20130305
20130304
20130228
20130227
20130226
20130225
20130222
20130221
20130220
20130219
20130218
20130215
20130214
20130213
20130212
20130208
20130207
20130206
20130205
20130204
20130201
20130131
20130130
20130129
20130128
20130125
20130124
20130123
20130122
20130121
20130118
20130117
20130116
20130115
20130114
20130111
20130110
20130109
20130108
20130107
20130104
20130103
20130102
20121228
20121227
20121226
20121224
20121221
20121220
20121218
20121217
20121214
20121213
20121212
20121211
20121210
20121207
20121206
20121205
20121204
20121203
20121130
20121129
20121128
20121127
20121126
20121123
20121122
20121121
20121120
20121119
20121116
20121115
20121114
20121113
20121112
20121109
20121108
20121107
20121106
20121105
20121102
20121101
20121031
20121030
20121029
20121026
20121025
20121024
20121023
20121022
20121019
20121018
20121017
20121016
20121015
20121012
20121011
20121010
20121009
20121008
20121005
20121004
20121002
20120928
20120927
20120926
20120925
20120924
20120921
20120920
20120919
20120918
20120917
20120914
20120913
20120912
20120911
20120910
20120907
20120906
20120905
20120904
20120903
20120830
20120829
20120828
20120827
20120824
20120823
20120822
20120821
20120820
20120817
20120816
20120814
20120813
20120810
20120809
20120808
20120807
20120806
20120803
20120802
20120801
20120730
20120727
20120726
20120725
20120724
20120723
20120720
20120719
20120718
20120717
20120716
20120713
20120712
20120711
20120710
20120709
20120706
20120705
20120704
20120703
20120702
20120628
20120627
20120626
20120625
20120622
20120621
20120620
20120619
20120618
20120615
20120614
20120613
20120612
20120611
20120608
20120607
20120605
20120604
20120601
20120529
20120525
20120524
20120523
20120522
20120521
20120518
20120517
20120516
20120515
20120514
20120511
20120510
20120509
20120508
20120507
20120504
20120503
20120502
20120429
20120427
20120426
20120425
20120424
20120423
20120420
20120419
20120418
20120417
20120416
20120413
20120412
20120410
20120409
20120406
20120405
20120404
20120403
20120402
20120330
20120329
20120328
20120327
20120326
20120323
20120322
20120321
20120320
20120319
20120316
20120315
20120314
20120313
20120312
20120309
20120308
20120307
20120306
20120305
20120302
20120229
20120228
20120227
20120224
20120223
20120222
20120221
20120220
20120217
20120216
20120215
20120214
20120213
20120210
20120209
20120208
20120207
20120206
20120203
20120202
20120201
20120131
20120130
20120127
20120126
20120125
20120120
20120119
20120118
20120117
20120116
20120113
20120112
20120111
20120110
20120109
20120106
20120105
20120104
20120103
20120102
20111229
20111228
20111227
20111226
20111223
20111222
20111221
20111220
20111219
20111216
20111215
20111214
20111213
20111212
20111209
20111208
20111207
20111206
20111205
20111202
20111201
20111130
20111129
20111128
20111125
20111124
20111123
20111122
20111121
20111118
20111117
20111116
20111115
20111114
20111111
20111110
20111109
20111108
20111107
20111104
20111103
20111102
20111101
20111031
20111028
20111027
20111026
20111025
20111024
20111021
20111020
20111019
20111018
20111017
20111014
20111013
20111012
20111011
20111010
20111007
20111006
20111005
20111004
20110930
20110929
20110928
20110927
20110926
20110923
20110922
20110921
20110920
20110919
20110916
20110915
20110914
20110909
20110908
20110907
20110906
20110905
20110902
20110901
20110831
20110830
20110829
20110826
20110825
20110824
20110823
20110822
20110819
20110818
20110817
20110816
20110812
20110811
20110810
20110809
20110808
20110805
20110804
20110803
20110802
20110801
20110729
20110728
20110727
20110726
20110725
20110722
20110721
20110720
20110719
20110718
20110715
20110714
20110713
20110712
20110711
20110708
20110707
20110706
20110705
20110704
20110701
20110630
20110629
20110628
20110627
20110624
20110623
20110622
20110621
20110620
20110617
20110616
20110615
20110614
20110613
20110610
20110609
20110608
20110607
20110603
20110602
20110601
20110531
20110530
20110527
20110526
20110525
20110524
20110523
20110520
20110519
20110518
20110517
20110516
20110513
20110512
20110511
20110509
20110506
20110504
20110503
20110502
20110429
20110428
20110427
20110426
20110425
20110422
20110421
20110420
20110419
20110418
20110415
20110414
20110413
20110412
20110411
20110408
20110407
20110406
20110405
20110404
20110401
20110331
20110330
20110329
20110328
20110325
20110324
20110323
20110322
20110321
20110318
20110317
20110316
20110315
20110314
20110311
20110310
20110309
20110308
20110307
20110304
20110303
20110302
20110228
20110225
20110224
20110223
20110222
20110221
20110218
20110217
20110216
20110215
20110214
20110211
20110210
20110209
20110208
20110207
20110201
20110131
20110128
20110127
20110126
20110125
20110124
20110121
20110120
20110119
20110118
20110117
20110114
20110113
20110112
20110111
20110110
20110107
20110106
20110105
20110104
20110103
20101230
20101229
20101228
20101227
20101224
20101223
20101222
20101221
20101220
20101217
20101216
20101215
20101214
20101213
20101210
20101209
20101208
20101207
20101206
20101203
20101202
20101201
20101130
20101129
20101126
20101125
20101124
20101123
20101122
20101119
20101118
20101117
20101116
20101115
20101112
20101111
20101110
20101109
20101108
20101105
20101104
20101103
20101102
20101101
20101029
20101028
20101027
20101026
20101025
20101022
20101021
20101020
20101019
20101018
20101015
20101014
20101013
20101012
20101011
20101008
20101007
20101006
20101005
20101004
20101001
20100930
20100929
20100928
20100927
20100924
20100920
20100917
20100916
20100915
20100914
20100913
20100910
20100909
20100908
20100907
20100906
20100903
20100902
20100901
20100831
20100830
20100827
20100826
20100825
20100824
20100823
20100820
20100819
20100818
20100817
20100816
20100813
20100812
20100811
20100810
20100809
20100806
20100805
20100804
20100803
20100802
20100730
20100729
20100728
20100727
20100726
20100723
20100722
20100721
20100720
20100719
20100716
20100715
20100714
20100713
20100712
20100709
20100708
20100707
20100706
20100705
20100702
20100701
20100630
20100629
20100628
20100625
20100624
20100623
20100622
20100621
20100618
20100617
20100616
20100615
20100614
20100611
20100610
20100609
20100608
20100607
20100604
20100603
20100601
20100531
20100528
20100527
20100526
20100525
20100524
20100520
20100519
20100518
20100517
20100514
20100513
20100512
20100511
20100510
20100507
20100506
20100504
20100503
20100430
20100429
20100428
20100427
20100426
20100423
20100422
20100421
20100420
20100419
20100416
20100415
20100414
20100413
20100412
20100409
20100408
20100407
20100406
20100405
20100402
20100401
20100331
20100330
20100329
20100326
20100325
20100324
20100323
20100322
20100319
20100318
20100317
20100316
20100315
20100312
20100311
20100310
20100309
20100308
20100305
20100304
20100303
20100302
20100226
20100225
20100224
20100223
20100222
20100219
20100218
20100217
20100216
20100212
20100211
20100210
20100209
20100208
20100205
20100204
20100203
20100202
20100201
20100129
20100128
20100127
20100126
20100125
20100122
20100121
20100120
20100119
20100118
20100115
20100114
20100113
20100112
20100111
20100108
20100107
20100106
20100105
20100104
20091230
20091229
20091228
20091224
20091223
20091222
20091221
20091218
20091217
20091216
20091215
20091214
20091211
20091210
20091209
20091208
20091207
20091204
20091203
20091202
20091201
20091130
20091127
20091126
20091125
20091124
20091123
20091120
20091119
20091118
20091117
20091116
20091113
20091112
20091111
20091110
20091109
20091106
20091105
20091104
20091103
20091102
20091030
20091029
20091028
20091027
20091026
20091023
20091022
20091021
20091020
20091019
20091016
20091015
20091014
20091013
20091012
20091009
20091008
20091007
20091006
20091005
20091001
20090930
20090929
20090928
20090925
20090924
